AU.ARMA -30.4183 151.6293 1112.0
AU.ARPS -36.7699 141.8383 250.0
AU.AS01 -23.6647 133.9508 605.0
AU.AS02 -23.6792 133.9369 649.0
AU.AS03 -23.6774 133.9197 643.3
AU.AS04 -23.6597 133.9292 666.3
AU.AS05 -23.6492 133.9475 683.2
AU.AS06 -23.6475 133.9714 663.2
AU.AS07 -23.6656 133.9697 613.7
AU.AS08 -23.6814 133.9600 594.3
AU.AS09 -23.6994 133.9414 591.2
AU.AS10 -23.6969 133.9139 607.4
AU.AS11 -23.6783 133.8978 608.3
AU.AS12 -23.6664 133.9044 607.4
AU.AS13 -23.6519 133.8944 603.9
AU.AS14 -23.6517 133.9103 619.6
AU.AS15 -23.6356 133.9122 668.7
AU.AS16 -23.6369 133.9300 675.8
AU.AS17 -23.6644 133.9917 614.6
AU.AS18 -23.6900 133.9808 591.7
AU.AS19 -23.7044 133.9625 576.7
AU.AS31 -23.6660 133.9040 607.0
AU.AXCOZ -22.9608 145.2511 226.0
AU.BBOO -32.8102 136.0588 321.0
AU.BCON -30.3359 117.7649 386.0
AU.BLDU -30.6147 116.7091 280.0
AU.BMEBF -17.8683 122.8683 45.0
AU.BN1H -27.4306 153.0240 710.0
AU.BN2S -27.3293 153.0477 8.0
AU.BOXOZ -16.0546 136.3021 44.0
AU.BRAT -37.5489 143.9330 503.0
AU.BTL02 -16.0979 132.8289 241.0
AU.BTL04 -15.8424 133.9343 313.0
AU.BTL05 -16.4788 133.8844 285.0
AU.BTL06 -17.0465 133.8031 0.2
AU.BTL09 -16.2589 134.8632 178.0
AU.BW1H -20.0045 148.2361 63.0
AU.BW2S -19.9984 148.2232 7.0
AU.CAAN -19.2643 121.5129 20.0
AU.CARL -31.9835 115.9267 2.0
AU.CATI -33.5579 150.9179 9.0
AU.CMSA -31.5375 145.6916 220.0
AU.CN1H -16.9110 145.7106 149.0
AU.CN2S -17.0215 145.7238 56.0
AU.CNB -35.3150 149.3633 853.0
AU.COEN -13.9574 143.1749 285.4
AU.CORO -41.4522 147.1450 0.0
AU.CTA -20.0876 146.2500 426.0
AU.CVQOZ -24.4457 114.0780 37.0
AU.DLN -34.7233 149.1789 565.0
AU.DNDOZ -32.4609 123.8680 153.0
AU.DPH -12.4667 130.8423 45.0
AU.DRS -12.4313 130.8993 44.0
AU.EIDS -25.3691 151.0817 216.0
AU.FITZ -18.0982 125.6403 110.0
AU.FORT -30.7790 128.0590 165.0
AU.GC1S -28.1617 153.5115 11.0
AU.GC2F -27.9122 153.3958 12.0
AU.GD1S -23.8421 151.1690 5.0
AU.GEXS -38.2008 144.2900 10.0
AU.GHSS -34.9194 138.6017 42.0
AU.GIRL -22.6430 114.2340 111.0
AU.GLAD -40.9825 148.0100 0.0
AU.GVL -37.6214 144.8990 185.0
AU.H01W1 -34.8929 114.1539 -1063.0
AU.H01W2 -34.8971 114.1340 -1046.0
AU.H01W3 -34.8809 114.1400 -1056.0
AU.HTT -33.4306 138.9217 708.0
AU.I03H1 -68.5839 78.0685 640.0
AU.I03H2 -68.5866 78.0720 680.0
AU.I03H3 -68.5887 78.0712 664.0
AU.I03H4 -68.5875 78.0623 629.0
AU.I03H5 -68.5808 78.0818 740.0
AU.I03H6 -68.5927 78.0727 816.0
AU.I03H7 -68.5851 78.0494 847.0
AU.I04H1 -34.5976 116.3567 167.1
AU.I04H2 -34.5962 116.3671 155.7
AU.I04H3 -34.6076 116.3515 123.2
AU.I04H4 -34.5940 116.3446 154.7
AU.I04H5 -34.5947 116.3411 147.7
AU.I04H6 -34.5931 116.3410 146.8
AU.I04H7 -34.5911 116.3432 143.2
AU.I04H8 -34.5929 116.3464 148.7
AU.I06H1 -12.1464 96.8203 16.8
AU.I06H2 -12.1475 96.8186 17.6
AU.I06H3 -12.1451 96.8177 20.8
AU.I06H4 -12.1435 96.8185 16.0
AU.I06H5 -12.1447 96.8208 19.3
AU.I06H6 -12.1458 96.8243 29.2
AU.I06H7 -12.1542 96.8269 14.0
AU.I06H8 -12.1572 96.8217 11.9
AU.I07H1 -19.9349 134.3295 385.5
AU.I07H2 -19.9334 134.3309 387.6
AU.I07H3 -19.9366 134.3307 392.0
AU.I07H4 -19.9350 134.3277 383.0
AU.I07H5 -19.9245 134.3258 387.3
AU.I07H6 -19.9327 134.3389 387.5
AU.I07H7 -19.9402 134.3396 387.7
AU.I07H8 -19.9433 134.3229 388.4
AU.INKA -27.7410 140.7456 112.0
AU.KANBL -30.5892 121.6146 395.0
AU.KDU -12.6869 132.4727 46.0
AU.KELC -35.9791 136.9078 60.0
AU.KIM01 -18.6235 126.8637 314.0
AU.KIM02 -18.9161 125.5272 150.0
AU.KIM03 -18.5458 124.6904 90.0
AU.KIM04 -17.9282 124.8104 133.0
AU.KIM05 -17.9916 124.1892 70.0
AU.KIM06 -18.5063 123.4563 134.0
AU.KIM07 -17.9913 123.1620 101.0
AU.KIM09 -17.3229 124.8078 120.0
AU.KIM10 -17.0503 125.7043 312.0
AU.KLBR -31.5915 117.7546 320.0
AU.KMBL -31.3669 121.8821 370.0
AU.KNRA -15.6769 128.7628 126.0
AU.KORDA -30.8769 117.5030 306.0
AU.LAROZ -15.5729 133.2128 188.0
AU.LCRK -30.4472 138.2162 207.0
AU.LHI -31.5200 159.0613 73.7
AU.MABG -34.0721 150.7601 132.0
AU.MANU -2.0432 147.3662 141.5
AU.MAW -67.6040 62.8710 12.0
AU.MCQ -54.4986 158.9561 14.0
AU.MEEK -26.6380 118.6150 530.0
AU.MGBR -37.7263 140.5728 186.0
AU.MGCD -33.2096 151.1092 285.0
AU.MILA -37.0547 149.1550 785.0
AU.MLBS -37.8291 144.8944 9.0
AU.MOO -42.4417 147.1903 325.0
AU.MORW -29.0679 116.0403 296.0
AU.MTKN -31.9333 115.7737 57.0
AU.MTN -12.8436 131.1327 137.4
AU.MTSU -18.1482 144.3195 460.0
AU.MUKOZ -26.7575 114.6094 130.0
AU.MULG -30.2818 134.0585 254.7
AU.MUN -31.9783 116.2083 253.0
AU.NAPP -33.1828 138.1478 181.0
AU.NFK -29.0433 167.9389 203.0
AU.NTLH -32.8983 151.7030 64.0
AU.NTLS -32.9320 151.7625 13.0
AU.NTNOZ -17.6278 141.1853 3.2
AU.NWAO -32.9277 117.2390 265.0
AU.OKDL -34.0707 150.4805 508.0
AU.ONGER -33.8637 118.3956 340.0
AU.OOD -27.7944 135.6880 162.2
AU.PHB -35.3070 149.1241 609.0
AU.PSA00 -21.5725 119.8458 305.0
AU.PSAA1 -21.5767 119.8362 325.0
AU.PSAA2 -21.5628 119.8467 330.0
AU.PSAA3 -21.5781 119.8549 315.0
AU.PSAB1 -21.5689 119.8219 317.0
AU.PSAB2 -21.5548 119.8611 302.0
AU.PSAB3 -21.5932 119.8547 327.0
AU.PSAC1 -21.5337 119.8093 303.0
AU.PSAC2 -21.5625 119.9004 330.0
AU.PSAC3 -21.6214 119.8277 352.0
AU.PSAD1 -21.4550 119.8302 280.0
AU.PSAD2 -21.6171 119.9624 366.0
AU.PSAD3 -21.6430 119.7799 327.0
AU.PTPS -33.1725 137.9943 9.0
AU.QIS -20.5577 139.6052 450.0
AU.QLP -26.5837 144.2350 210.0
AU.RABL -4.1912 152.1637 277.0
AU.RIV -33.8294 151.1583 25.0
AU.RK1H -23.3876 150.4939 66.0
AU.RK2S -23.3102 150.5216 36.0
AU.RKGY -34.6094 116.9773 30.0
AU.RMQ -26.4890 148.7550 360.0
AU.SDAN -34.5073 139.3380 586.0
AU.STKA -31.8757 141.5964 230.0
AU.SYDH -33.7619 150.7417 55.0
AU.SYDS -33.9297 151.2243 27.0
AU.TEFOZ -22.8162 122.5786 372.0
AU.TOO -37.5714 145.4906 604.0
AU.TV1H -19.2614 146.7954 65.0
AU.TV2S -19.2904 146.7887 25.0
AU.TW1H -27.5442 151.9720 730.0
AU.TWOA -35.0313 138.5793 168.0
AU.WATNG -30.7323 118.1984 360.0
AU.WB0 -19.7671 134.3927 392.0
AU.WB1 -19.9594 134.3464 393.5
AU.WB10 -19.7671 134.3928 362.1
AU.WB2 -19.9428 134.3511 388.0
AU.WB3 -19.9230 134.3555 384.2
AU.WB4 -19.9036 134.3589 380.6
AU.WB5 -19.8782 134.3662 370.9
AU.WB6 -19.8550 134.3672 364.8
AU.WB7 -19.8408 134.3795 353.2
AU.WB8 -19.8139 134.3808 356.1
AU.WB9 -19.7914 134.3840 360.0
AU.WC1 -19.9243 134.3390 392.0
AU.WC2 -19.9254 134.3654 375.0
AU.WC3 -19.9587 134.3719 382.1
AU.WC4 -19.9619 134.3397 387.5
AU.WHYH -33.0330 137.5744 43.0
AU.WOLH -34.4070 150.8740 91.0
AU.WR0 -19.9597 134.5404 375.0
AU.WR1 -19.9426 134.3395 388.8
AU.WR10 -19.9597 134.5405 353.0
AU.WR2 -19.9469 134.3624 385.4
AU.WR3 -19.9485 134.3869 376.5
AU.WR4 -19.9503 134.4066 374.4
AU.WR5 -19.9522 134.4304 364.2
AU.WR6 -19.9542 134.4530 356.5
AU.WR7 -19.9552 134.4760 354.8
AU.WR8 -19.9558 134.5005 367.1
AU.WR9 -19.9577 134.5149 360.2
AU.WRKA -25.0375 128.2961 622.0
AU.WTPK -34.2217 150.6389 199.0
AU.XMI -10.4501 105.6884 252.0
AU.XMIS -10.4807 105.6520 210.0
AU.YAPP -31.8663 138.3119 267.0
AU.YARR -33.6174 150.6877 19.0
AU.YNG -34.2980 148.3963 460.0
